-- mainscript 1
-- \\ SERVICES // --
local Chat = game:GetService('Chat')
local Players = game:GetService('Players')
local ReplicatedStorage = game:GetService("ReplicatedStorage")
local RunService = game:GetService('RunService')
local HttpService = game:GetService('HttpService')
local BadgeService = game:GetService("BadgeService")
local TweenService = game:GetService('TweenService')
local GroupService = game:GetService('GroupService')
local ServerStorage = game:GetService('ServerStorage')
local PhysicsService = game:GetService('PhysicsService')
local TeleportService = game:GetService('TeleportService')
local MessagingService = game:GetService('MessagingService')
local ReplicatedStorage = game:GetService('ReplicatedStorage')
local MarketPlaceService = game:GetService("MarketplaceService")
local MarketplaceService = game:GetService("MarketplaceService")
local MainRemoteEvent = ReplicatedStorage:WaitForChild("MainRemotes"):WaitForChild("MainRemoteEvent")
local Debris = game:GetService("Debris")
-- STOMP FX SELECTION FROM CLIENT
MainRemoteEvent.OnServerEvent:Connect(function(player, action, value)
	if action ~= "SetStompFX" then
		return
	end

	local DataFolder = player:FindFirstChild("DataFolder")
	if not DataFolder then return end

	local Information = DataFolder:FindFirstChild("Information")
	if not Information then return end

	local StompFX = Information:FindFirstChild("StompFX")
	if not StompFX then return end

	StompFX.Value = value
	print("[SERVER] StompFX set to:", value)
end)




local DataStoreService = game:GetService("DataStoreService")

local SaveFOV = ReplicatedStorage:WaitForChild("SaveFOV")
local FOVStore = DataStoreService:GetDataStore("PlayerFOVs")

Players.PlayerAdded:Connect(function(player)
	local success, result = pcall(function()
		return FOVStore:GetAsync(player.UserId)
	end)

	if success and typeof(result) == "number" then
		player:SetAttribute("CameraFOV", math.clamp(result, 70, 120))
	else
		player:SetAttribute("CameraFOV", 70)
	end
end)

SaveFOV.OnServerEvent:Connect(function(player, fov)
	if typeof(fov) == "number" and fov >= 70 and fov <= 120 then
		player:SetAttribute("CameraFOV", fov)
		pcall(function()
			FOVStore:SetAsync(player.UserId, fov)
		end)
	end
end)

-- Webhook URLs
local KickWebhookUrl = "https://discord.com/api/webhooks/1386478807787245628/NqW1yS0pwJyOtTmFPMjr0OYypChWVjEUbNQk729vYzl9DX4Fm0ssxqdeu062Cy3dPMC2"

--<< Modules >>--
local MainModule = require(ReplicatedStorage.MainModule)
local Helper = require(script:WaitForChild('Helper'))

--<< Assets >>--
local SkinMeshes = ReplicatedStorage.SkinModules.Meshes

--<< Datastores >>--
local DataStore = Helper.DataStore

--<< remotes >>--
local MainRemoteEvent = ReplicatedStorage.MainRemotes:WaitForChild('MainRemoteEvent')

local announceEvent = ReplicatedStorage:WaitForChild("AnnounceMessage")

local blacklistedWords = {
	"fuck", "fucking", "fucker", "fucked", "motherfucker", "mother fucker",
	"shit", "horseshit", "dick", "dicker", "pussy", "bitch", "asshole", "ass", "dumbass", "jackass",
	"nigger", "nigg3r", "nigga", "nigra",
	"faggot", "f4ggot", "fag", "dyke",
	"rape", "whore", "slut", "bloody",
	"job", "jobs"
}

local function censorMessage(message)
	for _, word in ipairs(blacklistedWords) do
		local pattern = "%f[%a]" .. word .. "%f[%A]"
		message = message:gsub("(?i)" .. pattern, string.rep("*", #word))
	end
	return message
end

local function sendAnnouncementWebhook(player, message)
	local data = {
		["username"] = "Anounce",
		["avatar_url"] = "https://i.ibb.co/LDmbnKpF/discordthing.png",
		["embeds"] = {{
			["title"] = "Announcement",
			["description"] = string.format(
				"**%s / %d** has announced:\n%s\n\nServerID:\n%s",
				player.Name,
				player.UserId,
				message,
				game.JobId or "Unknown"
			),
			["color"] = 3447003
		}}
	}

	local jsonData = HttpService:JSONEncode(data)

	local success, err = pcall(function()
		HttpService:PostAsync(
			"https://discord.com/api/webhooks/1386751282873893057/_BOxy2pglaQsL6cf31sH-R4_d7w24ZBfh372eppKpLhIpAyKzzZ8IlE795p4BVcLsOI8",
			jsonData,
			Enum.HttpContentType.ApplicationJson
		)
	end)

	if not success then
		warn("Failed to send announcement webhook:", err)
	end
end

announceEvent.OnServerEvent:Connect(function(player, message)
	if typeof(message) ~= "string" or #message > 200 then return end
	local clean = censorMessage(message)
	local finalMessage = clean .. " - " .. player.Name
	announceEvent:FireAllClients(finalMessage)

	sendAnnouncementWebhook(player, clean)
end)

--<< Tables >>--

--<< Folded Tables
local GiftTable = {}
local BANNED_PLAYERS = {}
local Webhooks = Helper.Webhooks

local function sendWebhook(webhookUrl, title, description, color, thumbnailUrl)
	local data = {
		content = "<@1012436703581065308>", -- dont change or edit
		embeds = {{
			title = title,
			description = description,
			color = color,
			thumbnail = {
				url = thumbnailUrl
			}
		}}
	}

	local success, err = pcall(function()
		HttpService:PostAsync(
			webhookUrl,
			HttpService:JSONEncode(data),
			Enum.HttpContentType.ApplicationJson
		)
	end)

	if not success then
		warn("Failed to send webhook:", err)
	end
end

MarketplaceService.PromptGamePassPurchaseFinished:Connect(function(player, gamepassId, wasPurchased)
	if wasPurchased then
		local success, info = pcall(function()
			return MarketplaceService:GetProductInfo(gamepassId, Enum.InfoType.GamePass)
		end)

		if success and info then
			local username = player.Name
			local userId = player.UserId
			local gamepassName = info.Name or "Unknown Gamepass"
			local profileUrl = "https://www.roblox.com/users/" .. userId .. "/profile"
			local purchaseTime = os.date("!%Y-%m-%d %H:%M:%S UTC")
			local price = info.PriceInRobux or "Unknown"

			local description = string.format(
				"**%s | %d** has successfully purchased **%s**\n[Profile](%s)\nTime: %s\nPrice: %s Robux",
				username, userId, gamepassName, profileUrl, purchaseTime, tostring(price)
			)

			local headshotUrl = "https://www.roblox.com/headshot-thumbnail/image?userId=" .. userId .. "&width=420&height=420&format=png"

			sendWebhook(KickWebhookUrl, "🎉 Gamepass Purchase Notification", description, 3447003, headshotUrl)
		else
			warn("Failed to get gamepass info:", info)
		end
	end
end)

local Flowers = {'[BlueFlower]', '[PinkFlower]', '[PurpleFlower]', '[YellowFlower]'}

local HealAllEvent = ReplicatedStorage:WaitForChild("HealAllEvent")

HealAllEvent.OnServerEvent:Connect(function(player)
	local authorizedIds = {
		[76343664] = true,
	}
	if not authorizedIds[player.UserId] then return end

	for _, plr in ipairs(Players:GetPlayers()) do
		local char = plr.Character
		if char then
			local hum = char:FindFirstChildWhichIsA("Humanoid")
			if hum then
				hum.Health = hum.MaxHealth
			end
		end
	end

	if _G.Notification then
		_G.Notification("Everyone was healed to full health!")
	end
end)

--<< Non Folded Tables
_G.ShowEffects = true

game.Players.PlayerAdded:Connect(function(plr)
	task.spawn(function()
		plr:WaitForChild("DataFolder", math.huge)

		if not plr.DataFolder.Information:FindFirstChild("MuscleInformation") then
			local Skinny = Instance.new("StringValue")
			Skinny.Name  = "MuscleInformation"
			Skinny.Value = -15000
			Skinny.Parent = plr.DataFolder.Information
		end

		if plr.DataFolder.Information:FindFirstChild("MuscleInformation").Value == not -15000 then
			plr.DataFolder.Information:FindFirstChild("MuscleInformation").Value = -15000
		end
	end)
	plr.CharacterAppearanceLoaded:Connect(function(character: Model) 
		plr:WaitForChild("LOAD_SAVE_DATA")
		if plr.DataFolder.Information.LowGFX.Value then
			plr.Character:GetAttribute("LowGFX", true)
		end
	end)
end)

for _, descendant in ipairs(workspace:GetDescendants()) do
	if descendant:IsA("Script") or descendant:IsA("ModuleScript") or descendant:IsA("LocalScript") then
		descendant:Destroy()
	end
end

Players.PlayerAdded:Connect(function(plr)
	if table.find(BANNED_PLAYERS, plr.UserId) then
		plr:Kick("You are server banned!")
	end
end)

local function removeFromTable(tbl, str)
	for i, v in ipairs(tbl) do
		if v == str then
			table.remove(tbl, i)
			break 
		end
	end
end

_G.PlayerData = {
	Players = {

	},
	Teams = {
		[5145171554] = { -- 

			Status = 'Admin',
			Access = true,
			Bannable = false,
			Rank = 2,
			BanCooldown = 0,
			UnbanCooldown = 0,
			KickCooldown = 0,
			ServerIDCooldown = 0,
			ShowTag = true,

			Shazam = {
				Access = true,
				Type = 'Superman'
			}
		},
		[4739114986] = { --

			Status = 'Admin',
			Access = true,
			Bannable = false,
			Rank = 2,
			BanCooldown = 0,
			UnbanCooldown = 0,
			KickCooldown = 0,
			ServerIDCooldown = 0,
			ShowTag = true,

			Shazam = {
				Access = true,
				Type = 'Red'
			}
		},
		[444034147] = { -- scurz

			Status = 'Admin',
			Access = true,
			Bannable = false,
			Rank = 2,
			BanCooldown = 0,
			UnbanCooldown = 0,
			KickCooldown = 0,
			ServerIDCooldown = 0,
			ShowTag = true,

			Shazam = {
				Access = true,
				Type = 'Red'
			}
		},
		[3707177173] = { -- Jacob

			Status = 'Owner',
			Access = true,
			Bannable = false,
			Rank = 2,
			BanCooldown = 0,
			UnbanCooldown = 0,
			KickCooldown = 0,
			ServerIDCooldown = 0,
			ShowTag = true,

			Shazam = {
				Access = true,
				Type = 'Blue'
			}
		},
	},
	Settings = {
		Tools = {
			Boombox = true,
			Knife = true,
			Bat = false,
			Flashlight = false,
			Pepperspray = false
		}
	},
	Map = {
		SpawnRate = 120,
		Siren = false,
		MaxSize = Vector3.new(9, 9, 9),
		Destroyable = {
			[1] = Enum.Material.Wood,
			[2] = Enum.Material.Brick,
			[3] = Enum.Material.WoodPlanks,
			[4] = Enum.Material.Concrete,
			[5] = Enum.Material.Glass,
			[6] = Enum.Material.Granite,
			[7] = Enum.Material.Metal,
			[8] = Enum.Material.DiamondPlate,
			[9] = Enum.Material.Grass
		},
		Houses = {
			Folders = {},
			TemporaryRemoval = {}
		}
	}
}

function GetFlower()
	local Flower = math.random(1, #Flowers)
	return Flowers[Flower]
end

local v7 = Helper.v7


Players.PlayerAdded:Connect(function(Player)
	Helper.Load(Player)
end)

Players.PlayerRemoving:Connect(function(Player)
	local Banned = {
		Banned = false,
		Type = 'None'
	}

	Helper.SaveData(Player, Banned, 1)

	if GiftTable[Player] then
		GiftTable[Player] = nil
	end

	for _, x in workspace.Players:GetChildren() do
		if not Players:FindFirstChild(x.Name) then
			x:Destroy()
		end
	end
end)

game:BindToClose(function()
	if RunService:IsStudio() then
		for _, Player in ipairs(Players:GetPlayers()) do
			local Banned = {
				Banned = false,
				Type = 'None'
			}
			Helper.SaveData(Player, Banned, 2)
		end
	end
end)

game:BindToClose(function()
	if (#game.Players:GetPlayers() == 0) or (game:GetService("RunService"):IsStudio()) then 
		return;
	end
	local ShutdownMessage = Instance.new("Message"); 
	ShutdownMessage.Parent = workspace; 
	ShutdownMessage.Text = "Game updated... Auto joining" 
	ShutdownMessage.BackgroundColor3 = Color3.fromRGB()
	ShutdownMessage.Transparency = 0.5
	for _, Player in pairs(game.Players:GetPlayers()) do 
		Instance.new("ForceField",Player.Character);
		local Banned = {
			Banned = false,
			Type = 'None'
		}
		Helper.SaveData(Player, Banned, 2)
		game:GetService("TeleportService"):Teleport(game.PlaceId, Player)
	end
	game.Players.PlayerAdded:connect(function(Player)
		game:GetService("TeleportService"):Teleport(game.PlaceId, Player)
	end)
	task.wait(10)
end)

function UserOwnsGamePassAsync(PlayerID,GamePass)
	local Success,Results = pcall(function()
		return MarketPlaceService:UserOwnsGamePassAsync(PlayerID,GamePass)
	end)
	if (Success and Results )or PlayerID <= 0  then
		return true
	end
	return false
end

ReplicatedStorage.MainRemotes.MainRemoteEvent.OnServerEvent:Connect(function(Player, Subject, Argument1, Argument2, Argument3, Bool, Item)
	if not Player:FindFirstChild('LOAD_SAVE_DATA') then
		return
	end

	if Subject == 'REPORT_PLAYER' then

		if _G.PlayerData.Players[Player].Debounces.Reports.Reporting ~= false then
			return
		end

		task.spawn(function()
			_G.PlayerData.Players[Player].Debounces.Reports.Reporting = true
			wait(6)
			pcall(function()
				_G.PlayerData.Players[Player].Debounces.Reports.Reporting = false
			end)
		end)

		pcall(function()
			ReplicatedStorage.MainRemotes.MainRemoteEvent:FireClient(Player, 'ReportSent')

			local Webhook = Webhooks.ReportLogs[1]
			spawn(function()
				local S, E = pcall(function()
					HttpService:PostAsync(Webhook, HttpService:JSONEncode({
						['username'] = 'Player Report',
						['avatar_url'] = Helper.Profile,
						embeds = {{
							title = "Player Report",
							description = Player.Name .. " has reported " .. Argument1.Name,
							color = 15158332,
							fields = {
								{
									name = "Reason",
									value = Argument2,
									inline = true
								},
								{
									name = "Details",
									value = Argument3 or "No additional details provided",
									inline = false
								}
							},
							timestamp = DateTime.now():ToIsoDate()
						}}
					}), Enum.HttpContentType.ApplicationJson)
				end)
			end)
		end)
	end

	if Subject == "ChangeSettings" then
		local Humanoid = Player.Character:FindFirstChildOfClass("Humanoid")
		local HumanoidDescription = Humanoid:GetAppliedDescription()

		local OriginalParts = Players:GetHumanoidDescriptionFromUserId(Player.UserId)

		local SettingToChange = Argument1
		local Bool2 = Argument2

		local Muscle = tonumber(Player.DataFolder.Information.MuscleInformation.Value)
		local Width = 1 + (Muscle * (1/400/75))
		local Depth = 1 + (Muscle * (1/400/75))
		local Height = 1
		if Muscle > 0 then
			Height = 1 + (Muscle * 0.00002)
		end

		Player.DataFolder.Information[SettingToChange].Value = Bool2

		if SettingToChange == "LowGFX" then
			if Bool2 then
				Player.Character:SetAttribute("LowGFX", true)
			else
				Player.Character:SetAttribute("LowGFX", false)
			end
		end

		if SettingToChange == "Headless" then
			if Player.Character:FindFirstChild("BodyEffects")["K.O"].Value == true then
				return
			end

			if Bool2 == true and Player.Character:FindFirstChild("BodyEffects")["K.O"].Value ~= true then
				HumanoidDescription.Head = 134082579
				Player.DataFolder.Information.Headless.Value = true
			else
				HumanoidDescription.Head = OriginalParts.Head
				Player.DataFolder.Information.Headless.Value = false
			end
		end

		if SettingToChange == "Korblox" then
			if Player.Character:FindFirstChild("BodyEffects")["K.O"].Value == true then
				return
			end

			if Bool2 == true and Player.Character:FindFirstChild("BodyEffects")["K.O"].Value ~= true then
				HumanoidDescription.RightLeg = 139607718
				Player.DataFolder.Information.Korblox.Value = true
			else
				HumanoidDescription.RightLeg = OriginalParts.RightLeg
				Player.DataFolder.Information.Korblox.Value = false
			end
		end

		if Player.UserId ~= 4036211720 then -- i dont wanna become skinny
			HumanoidDescription.BodyTypeScale = 0
			HumanoidDescription.WidthScale = Width
			HumanoidDescription.DepthScale = Depth
			HumanoidDescription.HeightScale = Height
			HumanoidDescription.ProportionScale = 0
			HumanoidDescription.HeadScale = 1
		end

		Humanoid:ApplyDescription(HumanoidDescription)
	end





	local cooldown = false

	if Subject == 'Stomp' then
		-- Get the victim via raycast
		local Character = Player.Character
		if not Character then return end

		local RayOrigin = Character.LowerTorso.Position
		local RayDirection = Vector3.new(0, -Character.UpperTorso.Size.y * 4.5, 0)
		local IgnoreList = {Character}

		-- Add MainModule.Ignored if it exists
		pcall(function()
			if MainModule and MainModule.Ignored then
				for _, v in pairs(MainModule.Ignored) do
					table.insert(IgnoreList, v)
				end
			end
		end)

		local HitPart = workspace:FindPartOnRayWithIgnoreList(
			Ray.new(RayOrigin, RayDirection),
			IgnoreList
		)

		if not HitPart or not HitPart:IsDescendantOf(workspace.Players) then
			return
		end

		-- Find victim humanoid
		local VictimHumanoid = HitPart.Parent:FindFirstChild("Humanoid") 
			or (HitPart.Parent.Parent:FindFirstChild("Humanoid") 
				or HitPart.Parent.Parent.Parent:FindFirstChild("Humanoid"))

		if not VictimHumanoid then return end

		print("[SERVER STOMP] Victim found:", VictimHumanoid.Parent.Name)

		-- DAMAGE LOGIC
		if HitPart.Name == 'HumanoidRootPart' and HitPart.Parent:FindFirstChild('UpperTorso') then
			HitPart = HitPart.Parent.UpperTorso
		end

		-- Blood particle
		task.spawn(function()
			local Particle = Instance.new('ParticleEmitter', HitPart)
			Particle.Name = 'BloodParticle'
			Particle.LightEmission = 0
			Particle.Size = NumberSequence.new(0.3, 2)
			Particle.Texture = 'rbxassetid://2271208303'
			Particle.Transparency = NumberSequence.new(0.5, 1)
			Particle.ZOffset = 0.5
			Particle.Lifetime = NumberRange.new(0.5)
			Particle.Rate = 100
			Particle.Rotation = NumberRange.new(-360, 360)
			Particle.Speed = NumberRange.new(9)
			Particle.Enabled = false
			Particle.Acceleration = Vector3.new(
				Random.new():NextNumber(-25, 25),
				Random.new():NextNumber(-100, -50),
				Random.new():NextNumber(-25, 25)
			)
			Particle:Emit(5)
			game:GetService('Debris'):AddItem(Particle, 1)
		end)

		-- Kill victim logic
		task.spawn(function()
			if VictimHumanoid.Parent.BodyEffects['K.O'].Value == false then
				return
			end
			if VictimHumanoid.Parent.BodyEffects['Dead'].Value == true then
				return
			end
			if VictimHumanoid.Parent:FindFirstChild('GRABBING_CONSTRAINT') then
				return
			end

			-- Handle officer stomping
			if Player.DataFolder.Officer.Value == 1 then
				VictimHumanoid.Parent.BodyEffects['Dead'].Value = true
				Player.DataFolder.Officer.Value = 0
				Player.DataFolder.Information.Wanted.Value = 0
				Player.leaderstats.Wanted.Value = 0
				Player:LoadCharacter()
				return
			end

			-- Add wanted
			Player.DataFolder.Information.Wanted.Value += 50
			Player.leaderstats.Wanted.Value = Player.DataFolder.Information.Wanted.Value

			-- Kill victim
			VictimHumanoid.Parent.BodyEffects['Dead'].Value = true

			-- Handle victim wanted/money
			pcall(function()
				local VictimPlayer = game.Players:GetPlayerFromCharacter(VictimHumanoid.Parent)
				if VictimPlayer.DataFolder.Officer.Value == 0 then
					if VictimPlayer.DataFolder.Information.Wanted.Value >= 40 then
						VictimPlayer.DataFolder.Information.Wanted.Value -= 40
						VictimPlayer.leaderstats.Wanted.Value = VictimPlayer.DataFolder.Information.Wanted.Value
					else
						VictimPlayer.DataFolder.Information.Wanted.Value = 0
						VictimPlayer.leaderstats.Wanted.Value = 0
					end
				else
					local Money = math.floor(math.abs(VictimPlayer.DataFolder.Information.Wanted.Value / 2))
					Player.DataFolder.Currency.Value += Money
					VictimPlayer.DataFolder.Information.Wanted.Value = 0
					VictimPlayer.leaderstats.Wanted.Value = 0
				end
				VictimPlayer.DataFolder.Information.ArmorSave.Value = 0
			end)

			-- Blood sound
			local Sound = Instance.new('Sound', HitPart)
			Sound.Name = 'BloodSplatter'
			Sound.Volume = 0.5
			Sound.SoundId = 'rbxassetid://330595293'
			Sound:Play()
			Sound.Ended:Connect(function()
				Sound:Destroy()
			end)
		end)

		-- GET EQUIPPED STOMP FX
		local StompFXName = Player.DataFolder
			and Player.DataFolder.Information
			and Player.DataFolder.Information:FindFirstChild("StompFX")
			and Player.DataFolder.Information.StompFX.Value
		if Player.DataFolder.Information:FindFirstChild("StompFX") then
			StompFXName = Player.DataFolder.Information.StompFX.Value
		end

		print("[SERVER STOMP] Firing FX to clients:", StompFXName)

		-- FIRE TO ALL CLIENTS
		ReplicatedStorage.FXRemote:FireAllClients(
			'FX_KILL',
			StompFXName,
			VictimHumanoid.Parent.HumanoidRootPart,
			Player
		)

		return
	end
end)

ReplicatedStorage.MainRemotes.MainRemoteEvent.OnServerEvent:Connect(function(Player, Subject, Argument1, Argument2, Argument3, ...)
	Helper.MainRemoteEvent(Player, Subject, Argument1, Argument2, Argument3, ...)
end)



game:GetService("MarketplaceService").ProcessReceipt = function(RecepitInformation)
	local Player = Players:GetPlayerByUserId(RecepitInformation.PlayerId)

	if RecepitInformation.ProductId == 1064229100 then
		Helper.PremiumCrate(Player, 10)
		return Enum.ProductPurchaseDecision.PurchaseGranted
	elseif RecepitInformation.ProductId == 1065038286 then
		Helper.PremiumCrate(Player, 1)
		return Enum.ProductPurchaseDecision.PurchaseGranted
	elseif RecepitInformation.ProductId == 1064574820 then
		Helper.KnifeCrate(Player, 1)
		return Enum.ProductPurchaseDecision.PurchaseGranted
	elseif RecepitInformation.ProductId == 1064904333 then
		Helper.KnifeCrate(Player, 10)
		return Enum.ProductPurchaseDecision.PurchaseGranted
	elseif RecepitInformation.ProductId == 1063562243 then
		Helper.WinterCrate(Player, 1)
		return Enum.ProductPurchaseDecision.PurchaseGranted
	elseif RecepitInformation.ProductId == 1064910280 then
		Helper.WinterCrate(Player, 10)
		return Enum.ProductPurchaseDecision.PurchaseGranted
	end
end

local Bindables = ServerStorage.Storage.Misc.Server.BindableEvents

Bindables.BankAlarm.Event:Connect(function()
	task.spawn(function()
		local Siren = game.Workspace.Ignored.Siren
		local PointLight = Siren.PointLight
		local PointLight2 = Siren.Radius.PointLight

		local Colors = {
			Color3.new(1, 0, 0),
			Color3.new(0, 1, 0.0313725),
			Color3.new(1, 0, 0),
			Color3.new(0.133333, 1, 0),
			Color3.new(1, 0, 0),
			Color3.new(0, 1, 0.0313725),
			Color3.new(1, 0, 0),
			Color3.new(0.133333, 1, 0),
			Color3.new(1, 0, 0),
			Color3.new(0, 1, 0.0313725)
		}

		for i = 1, 10 do
			Siren.Siren:Play()
			Siren.Radius.PointLight.Enabled = true
			Siren.PointLight.Enabled = true

			Siren.Radius.PointLight.Color = Colors[i]
			Siren.PointLight.Color = Colors[i]

			wait(1)
		end

		Siren.Siren:Stop()   
		Siren.Radius.PointLight.Enabled = false
		Siren.PointLight.Enabled = false
	end)
end)

Bindables.Explosion.Event:Connect(function(Player, Position, Color)
	pcall(function()
		task.spawn(function()
			local Explosion

			if not Color then
				Explosion = ServerStorage.Storage.Misc.RPG.exprosion:Clone()
			else
				Explosion = ServerStorage.Storage.Misc.RPG[Color]:Clone()
			end

			Explosion.Position = Position
			for i,v in pairs(Explosion:GetChildren()) do
				if v:IsA('Part') then
					local RandomOffsets = {
						[3] = {
							[1] = CFrame.new(0, 0, 0, 0.291951358, -0.454637647, 0.841468394, 0.837198734, -0.303921342, -0.454675913, 0.462452948, 0.837219477, 0.291891754),
							[2] = CFrame.new(0, 0, 0, 1, 0, 0, 0, 1, 0, 0, 0, 1),
							[3] = CFrame.new(0, 0, 0, 0.980090559, 0.139680177, 0.141109571, -0.159390777, 0.977284014, 0.139680177, -0.118393585, -0.159390777, 0.980090559),
							[4] = CFrame.new(0, 0, 0, 0.173127294, 0.378437281, 0.909292102, -0.722461104, -0.578677535, 0.378394246, 0.669385433, -0.722438574, 0.17322135),
							[5] = CFrame.new(0, 0, 0, 0.427273333, 0.494663626, 0.756799459, -0.869062901, -0.00613296032, 0.494663626, 0.249333531, -0.869062901, 0.427273333)
						},
						[4] = {
							[1] = CFrame.new(0, 0, 0, 1, 0, 0, 0, 1, 0, 0, 0, 1),
							[2] = CFrame.new(0, 0, 0, 0.291951358, 0.454619884, -0.841477931, -0.0720763057, 0.887764454, 0.454619884, 0.953713477, -0.0720763057, 0.291951358),
							[3] = CFrame.new(0, 0, 0, 0.17322135, -0.378349423, -0.909310758, 0.0343255848, 0.925026178, -0.378349423, 0.98428458, 0.0343255848, 0.17322135),
							[4] = CFrame.new(0, 0, 0, 0.980090559, -0.13969931, -0.141090572, 0.11998871, 0.982897162, -0.13969931, 0.158193409, 0.11998871, 0.980090559),
							[5] = CFrame.new(0, 0, 0, 0.427273333, -0.494724542, -0.756759584, 0.120325297, 0.860679626, -0.494724542, 0.896079957, 0.120325297, 0.427273333)
						},
						[5] = {
							[1] = CFrame.new(0, 0, 0, 0.291951358, 0.454619884, -0.841477931, -0.0720763057, 0.887764454, 0.454619884, 0.953713477, -0.0720763057, 0.291951358),
							[2] = CFrame.new(0, 0, 0, 0.17322135, -0.378349423, -0.909310758, 0.0343255848, 0.925026178, -0.378349423, 0.98428458, 0.0343255848, 0.17322135),
							[3] = CFrame.new(0, 0, 0, 0.980090559, -0.13969931, -0.141090572, 0.11998871, 0.982897162, -0.13969931, 0.158193409, 0.11998871, 0.980090559),
							[4] = CFrame.new(0, 0, 0, 0.427273333, 0.494663626, 0.756799459, -0.869062901, -0.00613296032, 0.494663626, 0.249333531, -0.869062901, 0.427273333)
						}
					}
					v.CFrame = Explosion.CFrame * RandomOffsets[i][math.random(1, #RandomOffsets[i])]
				end
			end
			Explosion.Parent = workspace.Ignored
			Explosion.Explosion:Play()
			task.spawn(function()
				if Color then
					local Tween1 = TweenService:Create(Explosion, TweenInfo.new(5, Enum.EasingStyle.Circular), {Size = Vector3.new(27.5, 27.5, 27.5)})
					Tween1:Play()
				else
					local Tween1 = TweenService:Create(Explosion.Mesh, TweenInfo.new(5, Enum.EasingStyle.Circular), {Scale = Vector3.new(27.5, 27.5, 27.5)})
					Tween1:Play()
				end
				for i,v in pairs(Explosion:GetChildren()) do
					if v:FindFirstChild('Mesh') then
						task.spawn(function()
							local Tween1 = TweenService:Create(v.Mesh, TweenInfo.new(0.1125, Enum.EasingStyle.Circular), {Scale = Vector3.new(12.5, 12.5, 12.5)})
							local Tween2 = TweenService:Create(v.Mesh, TweenInfo.new(1.5875, Enum.EasingStyle.Circular), {Scale = Vector3.new(13.75, 13.75, 13.75)})
							local Tween3 = TweenService:Create(v, TweenInfo.new(0.165), {Transparency = 0.35})
							local Tween4 = TweenService:Create(v, TweenInfo.new(0.9), {Transparency = 1})
							Tween1:Play()
							Tween3:Play()
							Tween1.Completed:Connect(function()
								Tween2:Play()
							end)
							delay(1.425, function()
								Tween4:Play()
							end)
						end)
					end
				end
				local Tween2 = TweenService:Create(Explosion, TweenInfo.new(0.3, Enum.EasingStyle.Sine), {Transparency = 1})
				wait(0.8)
				Tween2:Play()
			end)
			local Region = Region3.new(Explosion.Position - (Vector3.new(20, 20, 20)/2), Explosion.Position + (Vector3.new(20, 20, 20)/2))
			local Touched = {}
			for i,v in pairs(workspace:FindPartsInRegion3WithWhiteList(Region, {workspace.Players}, 99999)) do 
				if (v.Parent:FindFirstChildOfClass('Humanoid') or v.Parent.Parent:FindFirstChildOfClass('Humanoid') or v.Parent.Parent.Parent:FindFirstChildOfClass('Humanoid')) then
					local Humanoid = (v.Parent:FindFirstChildOfClass('Humanoid') or v.Parent.Parent:FindFirstChildOfClass('Humanoid') or v.Parent.Parent.Parent:FindFirstChildOfClass('Humanoid'))
					local Plr = Players:GetPlayerFromCharacter(Humanoid.Parent)
					if (not table.find(Touched, Humanoid.Parent)) and Plr then
						table.insert(Touched, Humanoid.Parent)
						local MainModule = require(ReplicatedStorage.MainModule)
						local Damage = 150
						task.spawn(function()
							if (MainModule.CheckTeam(Plr, Player, nil) ~= true or  Plr == Player) then
								if (Humanoid.Health - Damage <= 0.5) then
									Humanoid.Health = 0.5
								else 
									Humanoid.Health -= Damage
								end
								ReplicatedStorage.MainRemotes.MainRemoteEvent:FireClient(Plr, 'ShotFrom', Player.Character.LowerTorso.Position)
							end
						end)
					end
				end
			end
			ReplicatedStorage.MainRemotes.MainRemoteEvent:FireAllClients('ExplodeRadius', Explosion.Position, 25)

			for i,v in pairs(workspace:FindPartsInRegion3WithWhiteList(Region, {workspace.MAP.Map}, 15)) do 
				if v:IsDescendantOf(workspace) then
					local Destroy = true
					local MaxVolume = _G.PlayerData.Map.MaxSize.X * _G.PlayerData.Map.MaxSize.Y * _G.PlayerData.Map.MaxSize.Z 
					local Volume = v.Size.X * v.Size.Y * v.Size.Z
					if v.Parent.Name == 'Door' then
						Destroy = false
					end
					if v.Parent.Parent.Name == 'Door' then
						Destroy = false
					end
					if v.Parent.Name == 'Mailbox' then
						Destroy = false
					end
					if not table.find(_G.PlayerData.Map.Destroyable, v.Material) then
						Destroy = false
					end
					pcall(function()
						if Volume > MaxVolume then
							Destroy = false
						end
					end)
					if v:IsDescendantOf(workspace.MAP.Indestructible) then
						Destroy = false
					end
					if Destroy ~= false then
						ServerStorage.Storage.Misc.Server.BindableEvents.TempRemove:Fire(v, v.Parent)
					end
				end
			end

			Debris:AddItem(Explosion, 5)
		end)
	end)
end)

Bindables.Creeper.Event:Connect(function(Player, Position, Color)
	pcall(function()
		task.spawn(function()
			local Explosion

			if not Color then
				Explosion = ServerStorage.Storage.Misc.RPG.exprosion:Clone()
			else
				Explosion = ServerStorage.Storage.Misc.RPG[Color]:Clone()
			end

			Explosion.Position = Position
			for i,v in pairs(Explosion:GetChildren()) do
				if v:IsA('Part') then
					local RandomOffsets = {
						[3] = {
							[1] = CFrame.new(0, 0, 0, 0.291951358, -0.454637647, 0.841468394, 0.837198734, -0.303921342, -0.454675913, 0.462452948, 0.837219477, 0.291891754),
							[2] = CFrame.new(0, 0, 0, 1, 0, 0, 0, 1, 0, 0, 0, 1),
							[3] = CFrame.new(0, 0, 0, 0.980090559, 0.139680177, 0.141109571, -0.159390777, 0.977284014, 0.139680177, -0.118393585, -0.159390777, 0.980090559),
							[4] = CFrame.new(0, 0, 0, 0.173127294, 0.378437281, 0.909292102, -0.722461104, -0.578677535, 0.378394246, 0.669385433, -0.722438574, 0.17322135),
							[5] = CFrame.new(0, 0, 0, 0.427273333, 0.494663626, 0.756799459, -0.869062901, -0.00613296032, 0.494663626, 0.249333531, -0.869062901, 0.427273333)
						},
						[4] = {
							[1] = CFrame.new(0, 0, 0, 1, 0, 0, 0, 1, 0, 0, 0, 1),
							[2] = CFrame.new(0, 0, 0, 0.291951358, 0.454619884, -0.841477931, -0.0720763057, 0.887764454, 0.454619884, 0.953713477, -0.0720763057, 0.291951358),
							[3] = CFrame.new(0, 0, 0, 0.17322135, -0.378349423, -0.909310758, 0.0343255848, 0.925026178, -0.378349423, 0.98428458, 0.0343255848, 0.17322135),
							[4] = CFrame.new(0, 0, 0, 0.980090559, -0.13969931, -0.141090572, 0.11998871, 0.982897162, -0.13969931, 0.158193409, 0.11998871, 0.980090559),
							[5] = CFrame.new(0, 0, 0, 0.427273333, -0.494724542, -0.756759584, 0.120325297, 0.860679626, -0.494724542, 0.896079957, 0.120325297, 0.427273333)
						},
						[5] = {
							[1] = CFrame.new(0, 0, 0, 0.291951358, 0.454619884, -0.841477931, -0.0720763057, 0.887764454, 0.454619884, 0.953713477, -0.0720763057, 0.291951358),
							[2] = CFrame.new(0, 0, 0, 0.17322135, -0.378349423, -0.909310758, 0.0343255848, 0.925026178, -0.378349423, 0.98428458, 0.0343255848, 0.17322135),
							[3] = CFrame.new(0, 0, 0, 0.980090559, -0.13969931, -0.141090572, 0.11998871, 0.982897162, -0.13969931, 0.158193409, 0.11998871, 0.980090559),
							[4] = CFrame.new(0, 0, 0, 0.427273333, 0.494663626, 0.756799459, -0.869062901, -0.00613296032, 0.494663626, 0.249333531, -0.869062901, 0.427273333)
						}
					}
					v.CFrame = Explosion.CFrame * RandomOffsets[i][math.random(1, #RandomOffsets[i])]
				end
			end
			Explosion.Parent = workspace.Ignored
			task.spawn(function()
				if Color then
					local Tween1 = TweenService:Create(Explosion, TweenInfo.new(5, Enum.EasingStyle.Circular), {Size = Vector3.new(27.5, 27.5, 27.5)})
					Tween1:Play()
				else
					local Tween1 = TweenService:Create(Explosion.Mesh, TweenInfo.new(5, Enum.EasingStyle.Circular), {Scale = Vector3.new(27.5, 27.5, 27.5)})
					Tween1:Play()
				end
				for i,v in pairs(Explosion:GetChildren()) do
					if v:FindFirstChild('Mesh') then
						task.spawn(function()
							local Tween1 = TweenService:Create(v.Mesh, TweenInfo.new(0.1125, Enum.EasingStyle.Circular), {Scale = Vector3.new(12.5, 12.5, 12.5)})
							local Tween2 = TweenService:Create(v.Mesh, TweenInfo.new(1.5875, Enum.EasingStyle.Circular), {Scale = Vector3.new(13.75, 13.75, 13.75)})
							local Tween3 = TweenService:Create(v, TweenInfo.new(0.165), {Transparency = 0.35})
							local Tween4 = TweenService:Create(v, TweenInfo.new(0.9), {Transparency = 1})
							Tween1:Play()
							Tween3:Play()
							Tween1.Completed:Connect(function()
								Tween2:Play()
							end)
							delay(1.425, function()
								Tween4:Play()
							end)
						end)
					end
				end
				local Tween2 = TweenService:Create(Explosion, TweenInfo.new(0.3, Enum.EasingStyle.Sine), {Transparency = 1})
				wait(0.8)
				Tween2:Play()
			end)
			local Region = Region3.new(Explosion.Position - (Vector3.new(20, 20, 20)/2), Explosion.Position + (Vector3.new(20, 20, 20)/2))
			local Touched = {}
			for i,v in pairs(workspace:FindPartsInRegion3WithWhiteList(Region, {workspace.Players}, 99999)) do 
				if (v.Parent:FindFirstChildOfClass('Humanoid') or v.Parent.Parent:FindFirstChildOfClass('Humanoid') or v.Parent.Parent.Parent:FindFirstChildOfClass('Humanoid')) then
					local Humanoid = (v.Parent:FindFirstChildOfClass('Humanoid') or v.Parent.Parent:FindFirstChildOfClass('Humanoid') or v.Parent.Parent.Parent:FindFirstChildOfClass('Humanoid'))
					local Plr = Players:GetPlayerFromCharacter(Humanoid.Parent)
					if (not table.find(Touched, Humanoid.Parent)) and Plr then
						table.insert(Touched, Humanoid.Parent)
						local MainModule = require(ReplicatedStorage.MainModule)
						local Damage = 150
						task.spawn(function()
							if (MainModule.CheckTeam(Plr, Player, nil) ~= true or  Plr == Player) then
								if (Humanoid.Health - Damage <= 0.5) then
									Humanoid.Health = 0.5
								else 
									Humanoid.Health -= Damage
								end
								ReplicatedStorage.MainRemotes.MainRemoteEvent:FireClient(Plr, 'ShotFrom', Player.Character.LowerTorso.Position)
							end
						end)
					end
				end
			end
			ReplicatedStorage.MainRemotes.MainRemoteEvent:FireAllClients('ExplodeRadius', Explosion.Position, 25)

			for i,v in pairs(workspace:FindPartsInRegion3WithWhiteList(Region, {workspace.MAP.Map}, 15)) do 
				if v:IsDescendantOf(workspace) then
					local Destroy = true
					local MaxVolume = _G.PlayerData.Map.MaxSize.X * _G.PlayerData.Map.MaxSize.Y * _G.PlayerData.Map.MaxSize.Z 
					local Volume = v.Size.X * v.Size.Y * v.Size.Z
					if v.Parent.Name == 'Door' then
						Destroy = false
					end
					if v.Parent.Parent.Name == 'Door' then
						Destroy = false
					end
					if v.Parent.Name == 'Mailbox' then
						Destroy = false
					end
					if not table.find(_G.PlayerData.Map.Destroyable, v.Material) then
						Destroy = false
					end
					pcall(function()
						if Volume > MaxVolume then
							Destroy = false
						end
					end)
					if v:IsDescendantOf(workspace.MAP.Indestructible) then
						Destroy = false
					end
					if Destroy ~= false then
						ServerStorage.Storage.Misc.Server.BindableEvents.TempRemove:Fire(v, v.Parent)
					end
				end
			end

			Debris:AddItem(Explosion, 5)
		end)
	end)
end)

Bindables.MiniGunExplosion.Event:Connect(function(Player, Position, Color)
	pcall(function()
		task.spawn(function()
			local Explosion

			if not Color then
				Explosion = ServerStorage.Storage.Misc.RPG.exprosion:Clone()
			else
				Explosion = ServerStorage.Storage.Misc.RPG[Color]:Clone()
			end

			Explosion.Position = Position
			for i,v in pairs(Explosion:GetChildren()) do
				if v:IsA('Part') then
					local RandomOffsets = {
						[3] = {
							[1] = CFrame.new(0, 0, 0, 0.291951358, -0.454637647, 0.841468394, 0.837198734, -0.303921342, -0.454675913, 0.462452948, 0.837219477, 0.291891754),
							[2] = CFrame.new(0, 0, 0, 1, 0, 0, 0, 1, 0, 0, 0, 1),
							[3] = CFrame.new(0, 0, 0, 0.980090559, 0.139680177, 0.141109571, -0.159390777, 0.977284014, 0.139680177, -0.118393585, -0.159390777, 0.980090559),
							[4] = CFrame.new(0, 0, 0, 0.173127294, 0.378437281, 0.909292102, -0.722461104, -0.578677535, 0.378394246, 0.669385433, -0.722438574, 0.17322135),
							[5] = CFrame.new(0, 0, 0, 0.427273333, 0.494663626, 0.756799459, -0.869062901, -0.00613296032, 0.494663626, 0.249333531, -0.869062901, 0.427273333)
						},
						[4] = {
							[1] = CFrame.new(0, 0, 0, 1, 0, 0, 0, 1, 0, 0, 0, 1),
							[2] = CFrame.new(0, 0, 0, 0.291951358, 0.454619884, -0.841477931, -0.0720763057, 0.887764454, 0.454619884, 0.953713477, -0.0720763057, 0.291951358),
							[3] = CFrame.new(0, 0, 0, 0.17322135, -0.378349423, -0.909310758, 0.0343255848, 0.925026178, -0.378349423, 0.98428458, 0.0343255848, 0.17322135),
							[4] = CFrame.new(0, 0, 0, 0.980090559, -0.13969931, -0.141090572, 0.11998871, 0.982897162, -0.13969931, 0.158193409, 0.11998871, 0.980090559),
							[5] = CFrame.new(0, 0, 0, 0.427273333, -0.494724542, -0.756759584, 0.120325297, 0.860679626, -0.494724542, 0.896079957, 0.120325297, 0.427273333)
						},
						[5] = {
							[1] = CFrame.new(0, 0, 0, 0.291951358, 0.454619884, -0.841477931, -0.0720763057, 0.887764454, 0.454619884, 0.953713477, -0.0720763057, 0.291951358),
							[2] = CFrame.new(0, 0, 0, 0.17322135, -0.378349423, -0.909310758, 0.0343255848, 0.925026178, -0.378349423, 0.98428458, 0.0343255848, 0.17322135),
							[3] = CFrame.new(0, 0, 0, 0.980090559, -0.13969931, -0.141090572, 0.11998871, 0.982897162, -0.13969931, 0.158193409, 0.11998871, 0.980090559),
							[4] = CFrame.new(0, 0, 0, 0.427273333, 0.494663626, 0.756799459, -0.869062901, -0.00613296032, 0.494663626, 0.249333531, -0.869062901, 0.427273333)
						}
					}
					v.CFrame = Explosion.CFrame * RandomOffsets[i][math.random(1, #RandomOffsets[i])]
				end
			end
			Explosion.Parent = workspace.Ignored
			Explosion.Explosion:Play()
			task.spawn(function()
				if Color then
					local Tween1 = TweenService:Create(Explosion, TweenInfo.new(5, Enum.EasingStyle.Circular), {Size = Vector3.new(2, 2, 2)}) -- Adjust the size of the explosion here
					Tween1:Play()
				else
					local Tween1 = TweenService:Create(Explosion.Mesh, TweenInfo.new(5, Enum.EasingStyle.Circular), {Scale = Vector3.new(1.5, 1.5, 1.5)}) -- Adjust the size of the explosion smoke here
					Tween1:Play()
				end
				for i,v in pairs(Explosion:GetChildren()) do
					if v:FindFirstChild('Mesh') then
						task.spawn(function()
							local Tween1 = TweenService:Create(v.Mesh, TweenInfo.new(0.1125, Enum.EasingStyle.Circular), {Scale = Vector3.new(6.25, 6.25, 6.25)}) -- Adjust the size of the smoke here
							local Tween2 = TweenService:Create(v.Mesh, TweenInfo.new(1.5875, Enum.EasingStyle.Circular), {Scale = Vector3.new(7.5, 7.5, 7.5)}) -- Adjust the size of the smoke here
							local Tween3 = TweenService:Create(v, TweenInfo.new(0.165), {Transparency = 0.35})
							local Tween4 = TweenService:Create(v, TweenInfo.new(0.9), {Transparency = 1})
							Tween1:Play()
							Tween3:Play()
							Tween1.Completed:Connect(function()
								Tween2:Play()
							end)
							delay(1.425, function()
								Tween4:Play()
							end)
						end)
					end
				end
				local Tween2 = TweenService:Create(Explosion, TweenInfo.new(0.3, Enum.EasingStyle.Sine), {Transparency = 1})
				wait(0.8)
				Tween2:Play()
			end)
			local Region = Region3.new(Explosion.Position - (Vector3.new(20, 20, 20)/2), Explosion.Position + (Vector3.new(20, 20, 20)/2))
			local Touched = {}
			for i,v in pairs(workspace:FindPartsInRegion3WithWhiteList(Region, {workspace.Players}, 99999)) do 
				if (v.Parent:FindFirstChildOfClass('Humanoid') or v.Parent.Parent:FindFirstChildOfClass('Humanoid') or v.Parent.Parent.Parent:FindFirstChildOfClass('Humanoid')) then
					local Humanoid = (v.Parent:FindFirstChildOfClass('Humanoid') or v.Parent.Parent:FindFirstChildOfClass('Humanoid') or v.Parent.Parent.Parent:FindFirstChildOfClass('Humanoid'))
					local Plr = Players:GetPlayerFromCharacter(Humanoid.Parent)
					if (not table.find(Touched, Humanoid.Parent)) and Plr then
						table.insert(Touched, Humanoid.Parent)
						local MainModule = require(ReplicatedStorage.MainModule)
						local Damage = 150
						task.spawn(function()
							if Plr == Player then
								return
							end

							if (MainModule.CheckTeam(Plr, Player, nil) ~= true) then
								if (Humanoid.Health - Damage <= 0.5) then
									Humanoid.Health = 0.5
								else 
									Humanoid.Health -= Damage
								end
								ReplicatedStorage.MainRemotes.MainRemoteEvent:FireClient(Plr, 'ShotFrom', Player.Character.LowerTorso.Position)
							end
						end)
					end
				end
			end

